90.9 9.1 57.3 40.5
20.3 50.1 23.4 85.5
5.9 56.6 12.3 54.1
70.2 19.5 49.5 73.0
40.8 34.6 30.8 89.2
27.5 48.1 26.6 88.9
52.1 27.2 36.8 89.6
99.0 0.8 60.1 30.2
14.2 53.4 18.7 78.4
80.4 14.1 53.7 59.8
35.6 42.0 29.8 89.9
59.7 24.3 40.2 87.1
7.1 55.4 13.0 57.3
67.8 20.9 47.9 76.5
18.9 51.0 22.4 83.2
28.2 47.7 27.0 89.1
6.5 56.0 12.7 55.7
95.1 4.7 58.7 34.5
45.0 32.1 32.8 89.7
10.5 54.5 16.0 68.3
32.8 44.4 28.5 89.7
97.6 2.1 59.6 31.8
75.0 17.0 51.5 67.5
85.1 11.0 55.7 51.2
1.5 59.0 10.3 35.8
55.3 26.2 38.5 88.5
47.2 31.0 33.9 89.1
62.9 23.1 42.2 84.4
82.5 12.5 54.8 55.7
11.8 54.0 16.9 72.0
23.0 49.6 24.9 87.5
38.9 38.8 30.7 89.8
92.1 7.9 57.8 38.0
50.0 28.5 35.5 89.9
6.8 55.7 12.8 56.5
16.4 52.4 20.3 81.9
87.9 9.5 56.8 46.1
25.9 49.0 25.8 88.5
72.8 18.2 50.8 70.0
3.1 58.0 11.2 45.1
93.5 6.6 58.2 36.7
42.3 33.4 31.6 89.5
65.1 22.0 44.5 80.9
9.3 55.0 14.7 65.5
57.0 25.1 39.5 87.7
89.0 8.8 57.1 43.1
30.0 46.5 27.7 89.4
12.9 53.6 17.6 74.0
77.5 15.6 52.6 63.8
4.5 57.2 11.8 49.0
21.4 49.9 24.5 86.8
96.2 3.6 59.1 33.2
10.0 54.8 15.6 67.0
60.8 23.8 41.0 85.9
6.1 56.3 12.6 54.9
49.0 29.5 34.8 89.8
79.1 14.8 53.2 61.9
1.0 59.5 10.0 33.0
37.0 40.5 30.2 89.9
83.7 11.7 55.2 53.5
15.0 53.0 19.3 80.5
24.5 49.3 25.4 88.0
98.3 1.5 59.8 31.0
8.0 55.2 13.6 60.1
43.5 32.7 32.0 89.6
68.9 20.3 48.7 75.0
13.4 53.2 18.0 75.8
54.0 26.7 37.5 89.0
71.5 18.8 50.0 71.5
86.5 10.2 56.3 48.0
2.3 58.5 10.8 40.0
6.0 56.4 12.6 55.3
64.0 22.5 43.5 82.5
31.5 45.4 28.1 89.6
94.0 6.0 58.4 35.8
46.1 31.6 33.3 89.5
51.0 27.8 36.0 89.8
19.5 50.7 22.9 84.0
81.0 13.5 54.2 57.8
40.0 35.0 31.1 89.0
58.5 24.7 39.8 87.4
9.0 55.1 14.4 64.0
76.0 16.3 52.0 65.5
34.0 43.6 29.0 89.9
17.0 51.8 20.8 82.5
90.0 9.7 57.0 41.5
29.0 47.0 27.3 89.2
6.3 56.1 12.6 55.5
69.5 19.8 49.0 74.0
53.0 26.9 37.1 89.3
88.0 9.2 56.7 44.5
48.0 30.5 34.3 89.3
61.8 23.4 41.5 85.0
91.5 8.4 57.5 39.2
73.8 17.6 51.1 68.8
3.8 57.6 11.5 47.0
26.5 48.7 26.2 88.7
99.5 0.5 60.2 30.0
5.0 57.0 12.0 51.5
