0.000 50.248 10.179 0.000
1.010 49.426 10.583 1.156
2.020 49.314 11.148 1.407
3.030 49.246 11.436 1.530
4.040 47.863 10.523 2.023
5.051 47.358 11.046 2.535
6.061 47.759 12.076 3.369
7.071 46.848 12.378 3.297
8.081 45.725 12.682 3.820
9.091 45.726 14.654 4.280
10.101 44.718 13.316 4.354
11.111 44.212 13.901 5.621
12.121 44.060 14.113 6.424
13.131 42.478 14.265 8.003
14.141 42.067 14.085 8.153
15.152 42.143 14.925 9.339
16.162 41.413 14.462 10.372
17.172 41.571 15.033 11.265
18.182 40.455 15.212 13.294
19.192 39.698 15.799 14.617
20.202 40.632 17.218 16.174
21.212 39.281 15.430 17.316
22.222 38.923 17.010 19.767
23.232 37.671 16.163 20.786
24.242 37.607 17.037 23.343
25.253 37.429 18.120 25.880
26.263 36.293 17.911 27.071
27.273 36.551 17.643 29.425
28.283 35.558 18.127 31.924
29.293 35.208 19.128 34.105
30.303 34.548 18.726 36.202
31.313 35.270 19.502 39.135
32.323 33.832 19.720 41.265
33.333 32.804 19.674 44.201
34.343 33.240 21.375 46.247
35.354 31.713 20.923 49.423
36.364 31.923 19.897 51.111
37.374 30.333 21.305 53.570
38.384 30.144 21.184 56.146
39.394 30.401 22.244 57.664
40.404 30.167 21.725 60.109
41.414 29.379 22.367 62.299
42.424 28.730 22.980 63.132
43.434 28.132 23.463 65.203
44.444 27.039 22.733 66.568
45.455 26.913 23.469 67.865
46.465 26.537 23.702 68.186
47.475 26.791 23.916 68.864
48.485 25.929 25.428 69.889
49.495 24.371 25.051 70.059
50.505 24.910 24.521 70.045
51.515 24.050 25.913 69.837
52.525 23.399 26.819 69.056
53.535 23.538 26.577 68.627
54.545 23.243 25.604 67.718
55.556 22.688 26.425 66.276
56.566 21.298 27.603 65.707
57.576 21.058 26.919 63.757
58.586 20.873 27.798 61.550
59.596 20.690 28.266 60.238
60.606 19.457 27.718 57.741
61.616 19.099 28.455 56.138
62.626 18.134 27.167 54.014
63.636 17.584 28.579 51.099
64.646 18.083 29.268 49.247
65.657 17.850 29.073 46.647
66.667 16.631 30.816 44.306
67.677 16.663 29.588 42.153
68.687 15.837 30.386 39.041
69.697 14.829 30.974 36.441
70.707 14.827 31.933 33.989
71.717 14.910 30.797 31.650
72.727 13.618 32.400 29.572
73.737 13.914 32.126 27.471
74.747 11.316 31.933 25.306
75.758 12.532 32.958 23.415
76.768 11.660 33.130 21.211
77.778 10.962 33.033 19.782
78.788 10.652 33.671 17.509
79.798 9.107 33.747 16.753
80.808 9.486 35.057 14.579
81.818 9.269 37.052 12.694
82.828 9.325 39.505 11.294
83.838 7.822 40.279 10.527
84.848 7.172 44.307 9.182
85.859 -5.180 44.739 8.425
86.869 -4.977 48.229 7.406
87.879 -5.775 51.293 6.384
88.889 -6.709 53.927 5.375
89.899 -6.693 56.349 4.475
90.909 -7.406 59.511 4.169
91.919 -7.475 62.397 4.000
92.929 -8.816 65.448 3.309
93.939 -9.134 69.333 2.429
94.949 -9.671 72.316 2.465
95.960 -10.712 75.079 2.187
96.970 -10.337 79.221 1.506
97.980 -10.859 82.326 1.556
98.990 -11.492 86.032 1.300
100.000 -12.000 89.444 0.000
