0.000 50.812 9.800 59.815
1.010 49.391 10.816 60.662
2.020 49.130 10.527 60.265
3.030 48.554 12.190 60.377
4.040 49.221 10.950 59.554
5.051 47.334 11.140 60.213
6.061 49.054 11.599 60.531
7.071 47.498 12.383 59.723
8.081 47.735 12.673 60.114
9.091 47.148 14.614 60.321
10.101 47.701 13.877 59.687
11.111 45.637 13.773 60.614
12.121 46.202 15.406 60.977
13.131 45.869 14.959 60.239
14.141 46.324 15.038 60.979
15.152 44.905 16.499 60.304
16.162 45.065 16.776 61.123
17.172 44.410 16.651 60.544
18.182 44.567 17.976 62.152
19.192 44.534 17.741 62.069
20.202 43.389 18.889 62.160
21.212 44.209 18.736 62.131
22.222 43.784 19.668 63.543
23.232 43.282 19.348 64.319
24.242 43.178 19.087 62.879
25.253 42.082 21.326 64.944
26.263 42.060 20.232 65.703
27.273 41.350 20.810 65.667
28.283 41.381 20.963 65.552
29.293 41.477 21.615 67.278
30.303 40.563 22.243 67.492
31.313 40.408 22.626 68.052
32.323 39.959 23.260 68.542
33.333 39.577 24.229 70.262
34.343 39.361 23.677 71.233
35.354 39.388 23.525 71.386
36.364 38.532 23.954 72.825
37.374 38.905 24.617 72.854
38.384 39.315 24.516 74.674
39.394 38.553 26.170 75.121
40.404 37.783 25.913 75.794
41.414 37.132 26.410 76.583
42.424 36.899 26.969 77.761
43.434 37.816 26.675 78.332
44.444 36.692 27.347 78.780
45.455 36.045 28.519 79.062
46.465 36.156 28.895 79.424
47.475 36.808 28.768 79.993
48.485 35.515 30.299 80.002
49.495 35.460 29.145 80.329
50.505 34.999 30.030 79.832
51.515 34.369 30.491 78.668
52.525 33.671 29.614 80.203
53.535 33.765 32.383 80.478
54.545 33.532 32.001 79.214
55.556 33.627 31.700 78.465
56.566 33.450 33.652 77.888
57.576 33.193 33.323 77.267
58.586 32.567 33.649 76.643
59.596 32.564 33.535 75.326
60.606 31.441 34.296 74.839
61.616 32.142 33.884 73.775
62.626 31.469 35.448 73.550
63.636 30.760 35.267 72.416
64.646 30.850 35.926 71.946
65.657 30.265 36.864 70.749
66.667 30.566 36.809 70.480
67.677 30.457 37.202 69.264
68.687 30.487 37.613 69.449
69.697 28.393 37.512 66.634
70.707 28.066 38.701 66.523
71.717 28.233 39.459 66.602
72.727 28.262 39.470 66.762
73.737 28.317 39.937 64.765
74.747 27.734 39.460 64.348
75.758 26.262 39.869 63.695
76.768 26.817 39.987 64.001
77.778 27.081 41.727 62.762
78.788 26.479 41.388 62.859
79.798 26.442 42.619 62.013
80.808 25.646 42.659 61.228
81.818 25.354 44.960 61.748
82.828 25.245 45.935 61.603
83.838 25.054 46.516 61.789
84.848 24.645 46.646 60.905
85.859 24.302 46.629 60.495
86.869 23.604 47.757 60.950
87.879 23.825 48.355 60.674
88.889 23.394 48.499 60.596
89.899 23.595 49.145 60.337
90.909 23.327 49.302 60.885
91.919 22.517 49.889 60.432
92.929 21.934 50.908 61.152
93.939 21.499 51.279 60.716
94.949 21.727 51.739 60.458
95.960 21.251 51.993 59.288
96.970 20.737 52.902 60.382
97.980 20.628 53.823 60.273
98.990 19.993 53.871 60.455
100.000 20.349 54.736 60.561
