0.0 40.28 0 54.1
0.05 39.05 0.74 55.91
0.1 39.98 0.59 55.09
0.15 37.86 1.22 55.62
0.2 37.45 1.7 56.4
0.25 38.09 2.22 56.36
0.3 38.22 2.51 57.42
0.35 37.6 3.34 55.02
0.4 37.71 3.84 54.97
0.45 35.59 4.85 57.21
0.5 36.61 5.23 57.14
0.55 36.55 5.38 57.41
0.6 35.86 6.12 58.85
0.65 34.95 6.7 55.78
0.7 33.86 6.79 56.12
0.75 33.47 7.1 57.11
0.8 33.87 7.86 57.68
0.85 32.62 8.27 60.15
0.9 33.1 9.11 57.28
0.95 32.86 9.16 58.32
1.0 32.98 10.14 59.23
1.05 31.97 10.84 60.3
1.1 30.66 10.53 58.66
1.15 30.34 11.21 61.37
1.2 31.15 11.81 60.42
1.25 29.79 12.91 59.84
1.3 29.13 12.75 60.45
1.35 28.73 13.58 61.99
1.4 28.6 13.72 62.59
1.45 28.42 14.09 58.99
1.5 27.22 15.13 62.17
1.55 27.44 15.06 60.73
1.6 28.19 16.03 63.28
1.65 27.52 16.01 62.48
1.7 26.76 17.04 60.87
1.75 26.28 17.11 61.74
1.8 25.51 18.45 63.7
1.85 24.73 18.5 61.11
1.9 25.63 19.37 61.79
1.95 24.68 19.61 61.41
2.0 24.53 20.04 64.11
2.05 23.66 20.0 62.5
2.1 22.24 21.43 64.91
2.15 23.46 21.31 61.83
2.2 23.16 22.45 62.14
2.25 21.97 22.07 65.04
2.3 22.13 22.63 64.1
2.35 21.3 23.27 65.89
2.4 20.65 23.71 64.76
2.45 20.86 24.2 64.05
2.5 20.99 25.15 64.75
2.55 19.64 25.12 63.7
2.6 18.88 26.09 63.52
2.65 18.24 26.07 64.92
2.7 17.86 27.41 65.64
2.75 17.14 27.24 64.68
2.8 17.03 27.63 65.54
2.85 17.34 28.47 64.74
2.9 17.41 28.69 61.79
2.95 16.26 29.42 63.07
3.0 16.46 30.17 64.94
3.05 14.8 30.4 62.16
3.1 15.92 30.75 61.36
3.15 14.7 31.42 61.51
3.2 13.9 32.42 61.97
3.25 14.72 32.55 60.2
3.3 14.6 33.34 63.68
3.35 14.05 33.85 60.27
3.4 12.77 33.71 61.0
3.45 11.52 34.38 63.14
3.5 11.53 35.28 60.82
3.55 11.45 35.96 62.78
3.6 11.31 36.22 59.22
3.65 10.39 36.97 60.72
3.7 10.48 37.25 58.43
3.75 10.17 37.5 61.41
3.8 8.91 38.46 58.12
3.85 8.57 38.6 60.3
3.9 8.27 38.62 60.96
3.95 7.89 39.59 59.68
4.0 7.84 40.08 59.09
4.05 8.47 40.2 59.66
4.1 6.68 40.9 59.29
4.15 6.4 41.32 59.41
4.2 5.55 41.96 60.19
4.25 6.99 42.07 56.85
4.3 5.13 43.43 59.32
4.35 5.96 43.37 56.23
4.4 5.47 44.2 57.85
4.45 5.37 44.65 55.23
4.5 4.63 44.8 57.65
4.55 4.48 45.13 55.26
4.6 2.41 46.05 55.69
4.65 3.01 46.72 55.21
4.7 2.67 46.76 56.15
4.75 2.81 47.85 54.37
4.8 1.45 47.78 53.81
4.85 1.74 48.64 54.65
4.9 1.28 49.05 55.11
4.95 0 49.08 56.73