0.000 50.882 9.815 60.980
1.010 49.897 10.284 59.376
2.020 49.883 11.358 59.428
3.030 50.211 11.540 60.565
4.040 49.722 11.936 59.515
5.051 47.996 11.212 61.100
6.061 48.657 12.412 59.953
7.071 47.803 12.459 59.826
8.081 47.524 13.372 61.209
9.091 47.478 13.587 61.045
10.101 47.042 14.495 61.308
11.111 47.394 14.603 60.909
12.121 46.744 15.242 60.123
13.131 46.121 15.019 61.624
14.141 45.980 15.184 60.669
15.152 45.621 15.856 61.362
16.162 45.899 16.456 61.616
17.172 44.746 17.058 61.274
18.182 44.702 18.402 61.899
19.192 43.815 17.656 62.325
20.202 42.663 17.603 62.361
21.212 43.963 18.312 61.969
22.222 43.766 18.657 63.055
23.232 42.659 19.534 63.998
24.242 43.862 18.927 63.461
25.253 41.697 20.133 64.251
26.263 42.144 20.583 64.672
27.273 41.725 21.025 66.423
28.283 42.282 21.014 66.487
29.293 41.947 21.598 67.050
30.303 40.987 21.409 67.197
31.313 40.795 22.279 68.624
32.323 39.859 22.658 68.820
33.333 39.010 23.541 70.003
34.343 39.523 23.159 70.518
35.354 39.472 24.532 72.036
36.364 39.706 25.293 72.853
37.374 39.389 23.915 73.322
38.384 38.291 25.567 74.471
39.394 38.031 26.096 74.551
40.404 37.355 25.843 75.142
41.414 36.866 26.367 76.854
42.424 36.420 26.903 77.410
43.434 37.945 27.225 78.274
44.444 36.412 27.623 79.706
45.455 36.145 27.344 79.465
46.465 35.434 29.162 78.928
47.475 36.146 29.530 80.242
48.485 34.648 28.987 79.228
49.495 35.045 29.065 79.756
50.505 34.401 30.463 79.953
51.515 34.739 30.318 80.742
52.525 33.987 31.081 79.311
53.535 33.349 31.254 78.972
54.545 33.622 32.164 78.944
55.556 33.547 32.570 78.183
56.566 33.064 32.263 78.520
57.576 32.879 32.339 76.787
58.586 32.107 32.643 76.060
59.596 31.940 34.144 75.668
60.606 31.482 33.648 74.848
61.616 31.335 34.393 75.238
62.626 30.806 34.752 73.900
63.636 30.046 35.428 72.608
64.646 30.695 34.890 71.085
65.657 30.102 36.357 71.259
66.667 29.185 36.929 69.487
67.677 29.928 37.115 68.385
68.687 28.940 37.319 68.948
69.697 29.117 37.927 67.741
70.707 29.152 38.482 67.307
71.717 28.549 37.301 66.311
72.727 28.752 38.569 65.927
73.737 27.261 39.690 64.564
74.747 27.777 39.573 63.809
75.758 26.930 40.108 64.149
76.768 26.534 40.954 62.933
77.778 26.377 41.053 62.561
78.788 26.208 40.500 62.291
79.798 26.089 42.951 62.181
80.808 25.175 42.994 61.687
81.818 25.905 45.689 60.904
82.828 25.384 47.542 61.030
83.838 24.080 51.824 60.031
84.848 25.290 54.759 61.273
85.859 15.190 58.828 60.002
86.869 14.529 62.226 60.116
87.879 13.546 67.872 60.580
88.889 12.798 72.402 60.086
89.899 13.558 77.755 61.145
90.909 12.526 82.081 59.658
91.919 13.035 87.677 60.381
92.929 12.225 94.814 60.180
93.939 12.307 99.089 59.576
94.949 11.693 105.713 60.390
95.960 11.565 112.710 60.016
96.970 10.914 118.742 60.466
97.980 11.499 125.722 60.475
98.990 10.366 132.149 61.131
100.000 10.201 139.628 60.707
