0.00 60.00 5.00 0.00
1.02 59.85 5.04 0.12
2.02 59.69 5.10 0.14
3.04 59.53 5.16 0.18
4.04 59.37 5.23 0.21
5.06 59.21 5.30 0.26
6.06 59.04 5.38 0.31
7.08 58.88 5.46 0.38
8.08 58.71 5.53 0.45
9.10 58.53 5.62 0.54
10.10 58.36 5.70 0.64
11.12 58.18 5.78 0.76
12.12 58.00 5.87 0.90
13.14 57.81 5.96 1.06
14.14 57.63 6.05 1.25
15.16 57.44 6.14 1.46
16.16 57.25 6.23 1.71
17.18 57.06 6.32 1.99
18.18 56.86 6.41 2.31
19.20 56.66 6.51 2.68
20.20 56.46 6.60 3.09
21.22 56.26 6.70 3.56
22.22 56.05 6.80 4.08
23.24 55.84 6.90 4.66
24.24 55.63 7.00 5.32
25.26 55.42 7.10 6.04
26.26 55.20 7.20 6.84
27.28 54.98 7.30 7.72
28.28 54.76 7.40 8.69
29.30 54.53 7.51 9.75
30.30 54.31 7.61 10.90
31.32 54.08 7.71 12.15
32.32 53.85 7.82 13.50
33.34 53.61 7.93 14.96
34.34 53.37 8.03 16.52
35.36 53.13 8.14 18.18
36.36 52.89 8.25 19.95
37.38 52.65 8.36 21.82
38.38 52.40 8.47 23.80
39.40 52.15 8.58 25.87
40.40 51.90 8.69 28.03
41.42 51.64 8.80 30.28
42.42 51.39 8.91 32.61
43.44 51.13 9.02 35.00
44.44 50.86 9.13 37.45
45.46 50.60 9.24 39.95
46.46 50.33 9.36 42.48
47.48 50.06 9.47 45.03
48.48 49.79 9.59 47.58
49.50 49.51 9.70 50.12
50.50 49.24 9.82 52.63
51.52 48.96 9.93 55.09
52.52 48.67 10.05 57.48
53.54 48.39 10.17 59.78
54.54 48.10 10.28 61.99
55.56 47.81 10.40 64.07
56.56 47.52 10.52 66.02
57.58 47.22 10.64 67.81
58.58 46.92 10.76 69.43
59.60 46.62 10.88 70.87
60.60 46.32 10.99 72.11
61.62 46.01 11.12 73.13
62.62 45.70 11.24 73.94
63.64 45.39 11.36 74.53
64.64 45.08 11.48 74.88
65.66 44.76 11.60 75.00
66.66 44.44 11.72 74.88
67.68 44.12 11.84 74.53
68.68 43.80 11.97 73.94
69.70 43.47 12.09 73.13
70.70 43.14 12.21 72.11
71.72 42.81 12.34 70.87
72.72 42.48 12.46 69.43
73.74 42.14 12.59 67.81
74.74 41.80 12.71 66.02
75.76 41.46 12.84 64.07
76.76 40.81 13.33 61.99
77.78 39.96 14.00 59.78
78.78 38.99 14.76 57.48
79.80 37.93 15.58 55.09
80.80 36.79 16.47 52.63
81.82 35.58 17.40 50.12
82.82 34.31 18.37 47.58
83.84 32.99 19.38 45.03
84.84 31.61 20.42 42.48
85.86 30.18 21.49 39.95
86.86 28.71 22.60 37.45
87.88 27.20 23.73 35.00
88.88 25.64 24.88 32.61
89.90 24.04 26.07 30.28
90.90 22.41 27.27 28.03
91.92 20.74 28.49 25.87
92.92 19.03 29.74 23.80
93.94 17.29 31.01 21.82
94.94 15.52 32.29 19.95
95.96 13.72 33.60 18.18
96.96 11.88 34.92 16.52
97.98 10.01 36.26 14.96
98.98 8.12 37.62 13.50
100.00 6.19 38.99 12.25